1.000000000000000021e-03 3.730473719019571945e+03
1.023352047097257460e-03 3.811930413969253550e+03
1.047249412298148627e-03 3.895056093153200891e+03
1.071704829896711394e-03 3.979878980547251103e+03
1.096731331558817822e-03 4.066426734269322424e+03
1.122342253266417301e-03 4.154727085581663232e+03
1.148551242423937954e-03 4.244807914620070733e+03
1.175372265130636678e-03 4.336697238410221871e+03
1.202819613622777527e-03 4.430423198294869508e+03
1.230907913889601850e-03 4.526014046759264602e+03
1.259652133467140112e-03 4.623498133642669927e+03
1.289067589414026995e-03 4.722903891723804918e+03
1.319169956473571596e-03 4.824259818271196309e+03
1.349975275426429713e-03 4.927594133128302019e+03
1.381499961638322366e-03 5.032934454877034113e+03
1.413760813807361360e-03 5.140308273667796129e+03
1.446775022915648082e-03 5.249742989464601123e+03
1.480560181389910159e-03 5.361265889357689048e+03
1.515134292476052937e-03 5.474904124061813491e+03
1.550515779832625264e-03 5.590684683591824978e+03
1.586723497348317864e-03 5.708634372107239869e+03
1.623776739188721036e-03 5.828779781919305606e+03
1.661695250077688951e-03 5.951147256638511863e+03
1.700499235818794027e-03 6.075762087267485185e+03
1.740209374062484920e-03 6.202647847593481856e+03
1.780846825324681202e-03 6.331827471001921367e+03
1.822433244262666556e-03 6.463323334620767127e+03
1.864990791214298036e-03 6.597157219404411080e+03
1.908542144006685967e-03 6.733350269192016640e+03
1.953110510040631130e-03 6.871922948749037459e+03
1.998719638657250712e-03 7.012895000802878712e+03
2.045393833793390185e-03 7.156285402085245551e+03
2.093157966932573943e-03 7.302112306391297352e+03
2.142037490358383086e-03 7.450392233811138794e+03
2.192058450717325642e-03 7.601139485338791928e+03
2.243247502898420252e-03 7.754367130358979921e+03
2.295631924236909462e-03 7.910087054999798056e+03
2.349239629049657777e-03 8.068309905428438469e+03
2.404099183509971795e-03 8.229045030256964310e+03
2.460239820869777449e-03 8.392300422104985046e+03
2.517691457037277234e-03 8.558082658368661214e+03
2.576484706518374600e-03 8.726396841250207217e+03
2.636650898730358294e-03 8.897246517783731178e+03
2.698222094696538492e-03 9.070632591220093673e+03
2.761231104130752907e-03 9.246552647320151664e+03
2.825711502920826793e-03 9.425002213755913544e+03
2.891697651020299232e-03 9.605974809724431907e+03
2.959224710757957580e-03 9.789461875320486797e+03
3.028328665574945688e-03 9.975452700726611511e+03
3.099046339199427059e-03 1.016393435533016782e+04
3.171415415268998787e-03 1.035489161688302556e+04
3.245474457411332263e-03 1.054830690082518777e+04
3.321262929793748243e-03 1.074416015255805723e+04
3.398821218152667158e-03 1.094242709924459996e+04
3.478190651314130161e-03 1.114307835300664738e+04
3.559413523216862184e-03 1.134608139652861792e+04
3.642533115449638013e-03 1.155140067391193770e+04
3.727593720314937870e-03 1.175899751504314190e+04
3.814640664431177830e-03 1.196883006145670879e+04
3.903720332886092236e-03 1.218085319389897450e+04
3.994880193954170565e-03 1.239501846180699067e+04
4.088168824391289272e-03 1.261127401492180798e+04
4.183635935320019136e-03 1.282956446708340081e+04
4.281332398719395714e-03 1.304982813780166543e+04
4.381310274533306050e-03 1.327199592568073058e+04
4.483622838411905481e-03 1.349599439311669084e+04
4.588324610100845240e-03 1.372174593345220637e+04
4.695471382493430698e-03 1.394916871227437514e+04
4.805120251361242115e-03 1.417817661340496124e+04
4.917329645779015997e-03 1.440867918991308397e+04
5.032159359259992873e-03 1.464058162048237136e+04
5.149670581618343186e-03 1.487378467146995536e+04
5.269925931575656849e-03 1.510818449218946080e+04
5.392989490128869724e-03 1.534366686740374098e+04
5.518926834697380178e-03 1.558010546864157186e+04
5.647805074067557309e-03 1.581736820525341864e+04
5.779692884153313399e-03 1.605531763085588500e+04
5.914660544591745367e-03 1.629381094321587989e+04
6.052779976193349565e-03 1.653269999474524593e+04
6.194124779266760132e-03 1.677183131408012559e+04
6.338770272838487561e-03 1.701104613921067357e+04
6.486793534788507995e-03 1.725018046261429481e+04
6.638273442923081982e-03 1.748906479397127987e+04
6.793290717006702714e-03 1.772751574681580678e+04
6.951927961775605444e-03 1.796533432012884441e+04
7.114269710955731241e-03 1.820231500751396015e+04
7.280402472308569045e-03 1.843824644605219510e+04
7.450414773728916695e-03 1.867291155884529508e+04
7.624397210419137615e-03 1.890608771700769285e+04
7.802442493165044970e-03 1.913754692157229510e+04
7.984645497739086342e-03 1.936705600572909680e+04
8.171103315457202768e-03 1.959437685776649596e+04
8.361915304916317168e-03 1.981926599028087003e+04
8.557183144940002165e-03 2.004145782692227658e+04
8.757010888760508732e-03 2.026066286987017884e+04
8.961505019466050118e-03 2.047658526962266478e+04
9.170774506742930196e-03 2.068892411511789760e+04
9.384930864942721274e-03 2.089737386527816489e+04
9.604088212505378086e-03 2.110162481313421085e+04
9.828363332770029964e-03 2.130136358252733044e+04
1.005787573620583499e-02 2.149627365724898118e+04
1.029274772409608310e-02 2.168603594233057447e+04
1.053310445370937015e-02 2.187032830727158216e+04
1.077907400499272979e-02 2.204880298615591164e+04
1.103078744882215155e-02 2.222108634496506420e+04
1.128837891684688829e-02 2.238680222143527499e+04
1.155198567296479226e-02 2.254557382805600719e+04
1.182174818646671705e-02 2.269702466828439719e+04
1.209781020688901337e-02 2.284077949411310692e+04
1.238031884061397379e-02 2.297646530305679335e+04
1.266942462925906357e-02 2.310371237231561827e+04
1.296528162989668206e-02 2.322215532756055836e+04
1.326804749714724507e-02 2.333143226021210648e+04
1.357788356718928405e-02 2.343114712058798978e+04
1.389495494373137359e-02 2.352087276937205024e+04
1.421943058599166830e-02 2.360018852764062831e+04
1.455148339873193683e-02 2.366868319667412288e+04
1.489129032439409465e-02 2.372595666893633825e+04
1.523903243738828836e-02 2.377162157016461788e+04
1.559489504058282280e-02 2.380530492567950569e+04
1.595906776404730845e-02 2.382664984348235521e+04
1.633174466610167602e-02 2.383531720618026156e+04
1.671312433672487649e-02 2.383098620384732567e+04
1.710341000337840464e-02 2.381333596497197505e+04
1.750280963930101255e-02 2.378205000442793244e+04
1.791153607433230988e-02 2.373683605873337001e+04
1.832980710832435647e-02 2.367742856369044603e+04
1.875784562720160184e-02 2.360359046288880927e+04
1.919587972173111140e-02 2.351511496294055542e+04
1.964414280906627563e-02 2.341182722275522246e+04
2.010287375712885641e-02 2.329358596395970017e+04
2.057231701189556061e-02 2.316028498945499086e+04
2.105272272765706942e-02 2.301185877331880693e+04
2.154434690031883232e-02 2.284834783912526473e+04
2.204745150381474603e-02 2.266988502073720156e+04
2.256230462970634093e-02 2.247664010142632833e+04
2.308918063004192570e-02 2.226881816421549593e+04
2.362836026355176477e-02 2.204665947764366865e+04
2.418013084525720557e-02 2.181043923540705509e+04
2.474478639957351442e-02 2.156046714772762425e+04
2.532262781698794638e-02 2.129708688314255414e+04
2.591396301439658628e-02 2.102067536029052280e+04
2.651910709918537876e-02 2.073166420281551473e+04
2.713838253714278767e-02 2.043084269956112985e+04
2.777211932429355171e-02 2.011925652104329856e+04
2.842065516274512246e-02 1.979794739235791349e+04
2.908433564064047752e-02 1.946794230817064090e+04
2.976351441631317624e-02 1.913024969084226541e+04
3.045855340674284012e-02 1.878585588673588791e+04
3.116982298041144975e-02 1.843572200336708920e+04
3.189770215466321279e-02 1.808078108694085677e+04
3.264257879767321763e-02 1.772193563695054399e+04
3.340484983513244271e-02 1.736010049394499583e+04
3.418492146175929058e-02 1.699669910204394910e+04
3.498320935775035834e-02 1.663343006479155156e+04
3.580013891028578643e-02 1.627187925102443478e+04
3.663614544020716429e-02 1.591351292568258759e+04
3.749167443398887523e-02 1.555967953717803357e+04
3.836718178112644845e-02 1.521161271950503942e+04
3.926313401706837264e-02 1.487043534394426752e+04
4.018000857182091323e-02 1.453716446293949230e+04
4.111829402435830672e-02 1.421271711082015099e+04
4.207849036297402895e-02 1.389792799657131582e+04
4.306110925171171416e-02 1.359356476961926455e+04
4.406667430301786093e-02 1.330031469506140820e+04
4.509572135676146593e-02 1.301878993756416276e+04
4.614879876576939016e-02 1.274953552681406472e+04
4.722646768802951645e-02 1.249303747650638070e+04
4.832930238571751802e-02 1.224967247030367616e+04
4.945789053120642348e-02 1.201913916475931364e+04
5.061283352022218768e-02 1.180075917738706994e+04
5.179474679231210049e-02 1.159389202787516297e+04
5.300426015879673020e-02 1.139792065779334371e+04
5.424201813838026853e-02 1.121178265761693183e+04
5.550868030059805114e-02 1.103395232039485563e+04
5.680492161728425971e-02 1.086296689442355819e+04
5.813143282224713521e-02 1.069716329467535979e+04
5.948892077934334055e-02 1.053444909740808907e+04
6.087810885914762132e-02 1.037277824395552670e+04
6.229973732441843742e-02 1.020993781840570045e+04
6.375456372456506093e-02 1.004363610988613254e+04
6.524336329932624301e-02 9.871668651141480950e+03
6.676692939187563181e-02 9.691877766992247416e+03
6.832607387157402234e-02 9.502322071024233082e+03
6.992162756659374423e-02 9.301360743268038277e+03
7.155444070664578049e-02 9.087710098614015806e+03
7.322538337604533876e-02 8.860617980606697529e+03
7.493534597735752867e-02 8.619846581023970430e+03
7.668523970587010075e-02 8.365816661253305938e+03
7.847599703514611391e-02 8.099605035553257039e+03
8.030857221391513034e-02 7.822926074916778816e+03
8.218394177456801730e-02 7.538216415574270286e+03
8.410310505352604216e-02 7.248385366345434704e+03
8.606708472376163599e-02 6.956874378295407951e+03
8.807692733975461263e-02 6.667414187235286590e+03
9.013370389517433301e-02 6.383886286793793261e+03
9.223851039358475778e-02 6.110149150653895958e+03
9.439246843247668661e-02 5.849774200250573813e+03
9.659672580093832395e-02 5.605949346808309201e+03
9.885245709128276381e-02 5.381199645208390393e+03
1.011608643249580775e-01 5.177292022283194456e+03
1.035231775930737785e-01 4.995143186640427302e+03
1.059406557118851011e-01 4.834624977349913934e+03
1.084145868935834922e-01 4.694650473565288848e+03
1.109462894327521848e-01 4.573127839322547516e+03
1.135371124088517814e-01 4.466936757332842717e+03
1.161884364051100210e-01 4.372172671993297627e+03
1.189016742441989932e-01 4.284263189744229749e+03
1.216782717410923031e-01 4.198228184106584195e+03
1.245197084735031878e-01 4.109123454585099353e+03
1.274274985703133523e-01 4.012408219973644464e+03
1.304031915184131474e-01 3.904486125842511683e+03
1.334483729883838288e-01 3.783160851314669799e+03
1.365646656794609615e-01 3.647881966528007524e+03
1.397537301842290969e-01 3.499985918395932913e+03
1.430172658735087976e-01 3.342601411111284506e+03
1.463570118019079658e-01 3.180201038962017719e+03
1.497747476345200057e-01 3.018156871376739673e+03
1.532722945952613436e-01 2.862092438124852833e+03
1.568515164373547877e-01 2.717075684965005166e+03
1.605143204364761489e-01 2.587109164244624026e+03
1.642626584070930318e-01 2.474535566981337070e+03
1.680985277425363633e-01 2.379755160469227121e+03
1.720239724793599101e-01 2.301277621768401787e+03
1.760410843865552466e-01 2.235681962997080973e+03
1.801520040802023770e-01 2.178395911899395287e+03
1.843589221641487863e-01 2.124202997340691581e+03
1.886640803973258229e-01 2.067679648079189064e+03
1.930697728883249698e-01 2.004133938148445850e+03
1.975783473178699401e-01 1.931025432968424411e+03
2.021922061898353551e-01 1.848518854453540143e+03
2.069138081114790251e-01 1.759400231771621293e+03
2.117456691035711769e-01 1.668121499531420113e+03
2.166903639411180971e-01 1.579629094060720718e+03
2.217505275253931762e-01 1.498297805564881855e+03
2.269288562880081017e-01 1.427002351019951902e+03
2.322281096277724610e-01 1.366764693314003125e+03
2.376511113811072828e-01 1.316594289906309086e+03
2.432007513267947507e-01 1.273402178747839116e+03
2.488799867258667253e-01 1.233083234645893981e+03
2.546918438974540289e-01 1.191515472340158794e+03
2.606394198314347377e-01 1.145970444798952485e+03
2.667258838387405184e-01 1.095804364343410271e+03
2.729544792402007203e-01 1.042388345161649568e+03
2.793285250948253085e-01 9.887566517981196057e+02
2.858514179684471523e-01 9.383905615972792020e+02
2.925266337436644992e-01 8.937056398451651376e+02
2.993577294720490278e-01 8.552832018623761314e+02
3.063483452696084131e-01 8.217102662018365891e+02
3.135022062565112067e-01 7.906334964951054189e+02
3.208231245421077626e-01 7.595600166010876819e+02
3.283150012563046949e-01 7.268790923980430989e+02
3.359818286283781097e-01 6.927125371552510842e+02
3.438276921143307296e-01 6.584671478030587650e+02
3.518567725739262797e-01 6.260104989425964277e+02
3.600733484985619848e-01 5.965790512817203535e+02
3.684817982911676726e-01 5.703254262688276413e+02
3.770866025993451776e-01 5.461148854607581598e+02
3.858923467029902743e-01 5.226012524289692465e+02
3.949037229576701780e-01 4.989304076836053241e+02
4.041255332950600132e-01 4.751672390984566618e+02
4.135626917817705750e-01 4.520808913769878927e+02
4.232202272379275154e-01 4.304202321997787521e+02
4.331032859169001159e-01 4.104137719834764084e+02
4.432171342476085574e-01 3.917353950757623693e+02
4.535671616408702422e-01 3.738422281491874060e+02
4.641588833612777520e-01 3.562909605852713639e+02
4.749979434661412703e-01 3.391142801002766305e+02
4.860901178130630496e-01 3.226807235257283537e+02
4.974413171377451426e-01 3.072318576401477230e+02
5.090575902036681422e-01 2.927614557578989434e+02
5.209451270253211419e-01 2.788907634883797186e+02
5.331102621667033192e-01 2.654597141032565446e+02
5.455594781168514595e-01 2.525558463156110918e+02
5.582994087441919273e-01 2.402604537291252598e+02
5.713368428315579450e-01 2.286232161958750453e+02
5.846787276937589484e-01 2.175598377511998081e+02
5.983321728796282546e-01 2.069450497909043349e+02
6.123044539605183578e-01 1.967746616732117104e+02
6.266030164072655673e-01 1.870965216383893903e+02
6.412354795576916677e-01 1.779000446145158776e+02
6.562096406767554679e-01 1.691318964192995224e+02
6.715334791115141755e-01 1.607550861452571382e+02
6.872151605431121579e-01 1.527635107155003880e+02
7.032630413380643875e-01 1.451533986002402798e+02
7.196856730011513825e-01 1.379115499444034469e+02
7.364918067322965278e-01 1.310171066177318266e+02
7.536903980898541633e-01 1.244504108930115933e+02
7.712906117627992275e-01 1.181950550674124543e+02
7.893018264543567586e-01 1.122379538752997377e+02
8.077336398796710615e-01 1.065666024154139535e+02
8.265958738801812977e-01 1.011688519742466497e+02
8.458985796574299831e-01 9.603258528902252067e+01
8.656520431290936068e-01 9.114588173444384722e+01
8.858667904100823165e-01 8.649731249735251026e+01
9.065535934216358838e-01 8.207593012744605687e+01
9.277234756314060027e-01 7.787125037185134602e+01
9.493877179275820311e-01 7.387323163630686906e+01
9.715578646301857857e-01 7.007226049345024421e+01
9.942457296427418267e-01 6.645913784982364803e+01
1.017463402747606382e+00 6.302506305018636823e+01
1.041223256048304346e+00 5.976161844700727244e+01
1.065537950562305269e+00 5.666075446190592402e+01
1.090420442967752646e+00 5.371477575161409845e+01
1.115883992507747946e+00 5.091632964024436347e+01
1.141942168055864792e+00 4.825838978955054159e+01
1.168608855346650932e+00 4.573424201584639093e+01
1.195898264374979370e+00 4.333747177868540490e+01
1.223824936968192389e+00 4.106195209142732949e+01
1.252403754535071911e+00 3.890183184345006850e+01
1.281649945995758433e+00 3.685152452450616067e+01
1.311579095896850289e+00 3.490569734165566018e+01
1.342207152716011986e+00 3.305926016948846069e+01
1.373550437360512300e+00 3.130735334503016176e+01
1.405625651864214953e+00 2.964534036367603775e+01
1.438449888287663070e+00 2.806879941629663477e+01
1.472040637826001364e+00 2.657351422235831606e+01
1.506415800129591087e+00 2.515546520781644091e+01
1.541593692842271768e+00 2.381082101807971796e+01
1.577593061362361437e+00 2.253593035589204163e+01
1.614433088831601859e+00 2.132731413412967214e+01
1.652133406357368495e+00 2.018165793367421301e+01
1.690714103473579977e+00 1.909580419345846636e+01
1.730195738845894393e+00 1.806674383669304262e+01
1.770599351226898044e+00 1.709161163299143738e+01
1.811946470667122222e+00 1.616768030161930625e+01
1.854259129987852361e+00 1.529235427311211382e+01
1.897559876521850430e+00 1.446316370893511838e+01
1.941871784128254896e+00 1.367775876992308248e+01
1.987218465488053365e+00 1.293390412448742488e+01
2.033624084686672440e+00 1.222947368782681643e+01
2.081113370090394987e+00 1.156244558361916219e+01
2.129711627523477979e+00 1.093089720065997206e+01
2.179444753752983299e+00 1.033300030986224982e+01
2.230339250288496444e+00 9.767017053361556123e+00
2.282422237504097673e+00 9.231295808284349036e+00
2.335721469090121349e+00 8.724267125368793785e+00
2.390265346842389338e+00 8.244439845684857104e+00
2.446082935796797919e+00 7.790397388425541081e+00
2.503203979717325556e+00 7.360794202972400058e+00
2.561658916945726894e+00 6.954352378665210388e+00
2.621478896621353361e+00 6.569858405899886122e+00
2.682695795279724571e+00 6.206159913130934846e+00
2.745342233838714119e+00 5.862162378862942447e+00
2.809451594981406064e+00 5.536826858664954720e+00
2.875058040944877380e+00 5.229167403309353368e+00
2.942196531724373898e+00 4.938248466950414084e+00
3.010902843702592424e+00 4.663182435299182416e+00
3.081213588714001972e+00 4.403127268640852243e+00
3.153166233554361320e+00 4.157284254738795148e+00
3.226799119945808592e+00 3.924895866861167537e+00
3.302151484968175676e+00 3.705243722340270107e+00
3.379263481967431204e+00 3.497646613287631379e+00
3.458176201952377404e+00 3.301458611504747509e+00
3.538931695490988183e+00 3.116067376203044859e+00
3.621572995118074623e+00 2.940892485687444768e+00
3.706144138266227905e+00 2.775383833083681751e+00
3.792690190732245892e+00 2.619020099030476612e+00
3.881257270691536032e+00 2.471307297865290131e+00
3.971892573273302141e+00 2.331777393975857038e+00
4.064644395709628100e+00 2.199986985127894812e+00
4.159562163071842456e+00 2.075516049676329633e+00
4.256696454607871161e+00 1.957966716236041904e+00
4.356099030694608132e+00 1.846962071264956373e+00
4.457822860419706323e+00 1.742145191937074067e+00
4.561922149807458915e+00 1.643178138843041314e+00
4.668452370703789711e+00 1.549740976785922486e+00
4.777470290335773306e+00 1.461530844201154755e+00
4.889034001561443077e+00 1.378261068900510811e+00
5.003202953825999444e+00 1.299660327941928095e+00
5.120037984840887013e+00 1.225471849524947032e+00
5.239601353002644402e+00 1.155452654834173698e+00
5.361956770568816921e+00 1.089372795609331979e+00
5.487169437608598876e+00 1.027014613963935119e+00
5.615306076746272801e+00 9.681722082821131448e-01
5.746434968715973923e+00 9.126508333104543791e-01
5.880625988746756683e+00 8.602663103289061031e-01
6.017950643797328247e+00 8.108444676080841518e-01
6.158482110660260744e+00 7.642206096518325831e-01
6.302295274956023263e+00 7.202390137950774873e-01
6.449466771037620560e+00 6.787524527950480335e-01
6.600075022827088134e+00 6.396217422842047640e-01
6.754200285605586274e+00 6.027153736148330720e-01
6.911924688779365944e+00 5.679091783637035817e-01
7.073332279644438891e+00 5.350857838638647390e-01
7.238509068173248018e+00 5.041342275150697549e-01
7.407543072847162513e+00 4.749496168411054264e-01
7.580524367559260845e+00 4.474328069070570568e-01
7.757545129612413604e+00 4.214900942530332428e-01
7.938699688838223523e+00 3.970329265391510654e-01
8.124084577862966228e+00 3.739776271332679869e-01
8.313798583547333365e+00 3.522451332747763009e-01
8.507942799627445041e+00 3.317605868517771173e-01
8.706620680585118066e+00 3.124529402688034363e-01
8.909938096776107486e+00 2.942551228331406477e-01
9.118003390845681011e+00 2.771038727467728391e-01
9.330927435461664032e+00 2.609395205047883026e-01
9.548823692395655982e+00 2.457057846880012220e-01
9.771808272983898647e+00 2.313495794330229505e-01
1.000000000000000000e+01 2.178208329050603242e-01
